# Erosion list for 5/3/24
# Used to replicate general Ocracoke Model Behavior 1988 - 2020
background_threhold_list = [370,-15,15,-1.5,-2.5,
                            -0,-3,-3,-0,2,
                            -0,-0,0,0,0,
                            0,-1,-1,-1.25,-1.25,
                            -2,-2,-2,-2,-2,
                            -1,-1,-1,-1,-1,
                            -2,-2,-2,-2,0,
                            0,10,58,-7] #* number_barrier3d_models

# Only alter the closest cells to inlet
background_threhold_list = [350,0,0,0,0,
                            -0,0,0,0,0,
                            -0,-0,0,0,0,
                            0,0,0,0,-0,
                            0,0,0,0,0,
                            0,0,0,0,0,
                            0,0,0,0,0,
                            0,0,20,-7]

# Best 1 middle cell alteration

background_threhold_list = [350,0,0,0,0,
                            -0,0,0,0,0,
                            -0,-0,0,0,0,
                            0,0,-0,0,-0,
                            0,0,0,0,0,
                            -14,0,0,0,0,
                            0,0,0,0,0,
                            0,0,50,-7]







# 1974 Not too bad

background_threhold_list = [300,0,0,0,0,
                            -0,0,0,0,0,
                            -0,-0,0,0,0,
                            0,0,-0,0,-0,
                            0,0,0,0,0,
                            -14,0,0,0,0,
                            0,0,0,0,0,
                            0,0,40,0]

# 1974 better


background_threhold_list = [325,0,0,0,0,
                            -0,0,0,0,0,
                            -0,-0,0,0,0,
                            0,0,-0,0,-0,
                            0,0,0,0,0,
                            -14,0,0,0,0,
                            0,0,0,0,0,
                            0,-0,50,-0.5]

# 1974 complex

background_threhold_list = [325,0,0,0,0,
                            -0,0,0,0,0,
                            -0,-0,0,0,0,
                            0,0,-0,0,-0,
                            0,0,0,0,0,
                            -14,0,0,0,0,
                            -10,0,0,0,0,
                            0,-0,65,-0.5]

# 1974 - 1997
# Sources and sinks for calibrating 1974 - 1997 model runs
background_threhold_list = [250,8,0,0,0,
                            -0,0,0,0,0,
                            -0,-0,0,0,0,
                            0,0,-0,0,-0,
                            0,0,0,0,0,
                            -14,0,0,0,0,
                            -10,0,0,0,0,
                            0,-0,5,12]

No Middle
background_threhold_list = [250,8,0,0,0,
                            -0,0,0,0,0,
                            -0,-0,0,0,0,
                            0,0,-0,0,-0,
                            0,0,0,0,0,
                            -0,0,0,0,0,
                            -0,0,0,0,0,
                            0,-0,5,12]




# Altered Inlet values

background_threhold_list = [250,8,0,0,0,
                            -0,0,0,0,0,
                            -0,-0,0,0,0,
                            0,0,-0,0,-0,
                            0,0,0,0,0,
                            -14,0,0,0,0,
                            -10,0,0,0,0,
                            0,-0,0,-12]
# inlet_moved no middle
background_threhold_list = [250,8,0,0,0,
                            -0,0,0,0,0,
                            -0,-0,0,0,0,
                            0,0,-0,0,-0,
                            0,0,0,0,0,
                            -0,0,0,0,0,
                            -0,0,0,0,0,
                            0,-0,0,-12]

# Buffered Version keep first 15 and last 15 blank
# 1974 - 1997 Calibration Value
background_threhold_list = [0,0,0,0,0,
                            0,0,0,0,0,
                            0,0,0,0,0,
                            60,0,0,0,0,
                            -0,0,0,0,0,
                            -0,-0,0,0,0,
                            0,0,-0,0,-0,
                            0,0,0,0,0,
                            -14,0,0,0,0,
                            -10,0,0,0,0,
                            0,-0,0,100,
                            0,0,0,0,0,
                            0,0,0,0,0,
                            0,0,0,0,0]

# Swap the inlet background erosion

background_threhold_list = [0,0,0,0,0,
                            0,0,0,0,0,
                            0,0,0,0,0,
                            60,0,0,0,0,
                            -0,0,0,0,0,
                            -0,-0,0,0,0,
                            0,0,-0,0,-0,
                            0,0,0,0,0,
                            -14,0,0,0,0,
                            -10,0,0,0,0,
                            0,-0,0,-30,
                            0,0,0,0,0,
                            0,0,0,0,0,
                            0,0,0,0,0]
